01 1938
01 2371
01 1071
01 1657
01 0971
01 2069
01 2319
01 2329
01 2151
01 1735
01 3068
01 2218
01 1410
01 1572
01 2379
01 2502
01 2553
01 3174
01 2629
01 1642
02 0847
02 1183
02 1305
02 0236
02 0598
02 1345
02 0242
02 2434
02 1168
02 0597
02 1651
02 1214
02 1014
02 2874
02 1625
02 2439
02 3202
02 0492
02 1333
02 1553
03 1496
03 1988
03 1304
03 0799
03 2084
03 1162
03 2551
03 2126
03 0205
03 2782
03 3189
03 2658
03 2316
03 1788
03 1215
03 3198
03 1835
03 0929
03 2661
03 3102
04 0012
04 2376
04 3043
04 1922
04 2066
04 1656
04 3128
04 2933
04 3148
04 2844
04 3103
04 3101
04 1943
04 1736
04 3141
04 2080
04 2377
04 2912
04 1601
04 2173
05 3144
05 1675
05 1923
05 2399
05 1272
05 2985
05 1829
05 1682
05 2299
05 2321
05 2629
05 2035
05 1188
05 0251
05 2942
05 1937
05 1281
05 2357
05 1502
05 1722
06 2671
06 3061
06 0242
06 1009
06 2087
06 3035
06 2505
06 2435
06 0402
06 2230
06 2826
06 1186
06 2828
06 3188
06 2389
06 2078
06 1148
06 2753
06 1256
06 2187
07 3043
07 3104
07 3170
07 2256
07 2376
07 1553
07 1353
07 3148
07 2912
07 1050
07 3141
07 1736
07 3014
07 2080
07 2949
07 2227
07 2668
07 2865
07 1755
07 3137
08 1685
08 2614
08 2371
08 2776
08 2757
08 2949
08 1505
08 1688
08 3068
08 2625
08 2482
08 2951
08 0828
08 1687
08 1690
08 2088
08 1611
08 2500
08 2747
08 2379
09 1685
09 2614
09 3068
09 3174
09 2371
09 2949
09 2578
09 2776
09 3158
09 3137
09 3082
09 2372
09 2849
09 2757
09 2869
09 2294
09 1688
09 0828
09 1687
09 1690
10 2084
10 2785
10 2782
10 2895
10 2312
10 2316
10 1262
10 2685
10 1162
10 3198
10 2714
10 1471
10 2700
10 1496
10 1158
10 2126
10 2661
10 2129
10 1835
10 2182
11 2782
11 2647
11 1923
11 2246
11 2084
11 2316
11 2699
11 1835
11 2906
11 1860
11 2527
11 1043
11 2717
11 2923
11 1162
11 3198
11 1496
11 2489
11 2126
11 2661
12 3127
12 3068
12 2319
12 2379
12 2246
12 2311
12 2690
12 1461
12 2740
12 1657
12 2087
12 2853
12 2840
12 2597
12 1591
12 2629
12 1462
12 1680
12 2867
12 1749
13 2464
13 2491
13 1795
13 2748
13 2495
13 1655
13 2897
13 2006
13 0195
13 1756
13 1947
13 1231
13 1362
13 1670
13 2533
13 2729
13 2745
13 1652
13 2835
13 0048
14 2348
14 2976
14 1724
14 2964
14 3011
14 3169
14 2876
14 2577
14 0248
14 2942
14 1999
14 1566
14 2969
14 2817
14 2900
14 1961
14 3085
14 2957
14 2959
14 3164
15 2464
15 2477
15 2574
15 0248
15 2685
15 1947
15 2683
15 1231
15 1755
15 3118
15 3125
15 1762
15 1795
15 2944
15 2835
15 0820
15 1461
15 1466
15 2897
15 2964
16 2432
16 2080
16 2114
16 2376
16 1210
16 1736
16 2477
16 2629
16 3141
16 1712
16 2452
16 2009
16 1226
16 3068
16 2574
16 0857
16 2378
16 2740
16 3129
16 2379
17 2491
17 2464
17 1795
17 2748
17 1757
17 2495
17 1655
17 2897
17 2117
17 2006
17 0195
17 1756
17 1231
17 1362
17 1670
17 2533
17 2729
17 1947
17 1154
17 1652
18 2491
18 1988
18 2748
18 1757
18 1496
18 1795
18 0082
18 2246
18 1655
18 1162
18 1788
18 1811
18 2897
18 2495
18 1852
18 2117
18 2714
18 2084
18 1676
18 2685
19 2714
19 2685
19 1158
19 2973
19 2182
19 1262
19 2700
19 2266
19 1828
19 2896
19 3075
19 3156
19 0141
19 0950
19 1990
19 2430
19 1601
19 2785
19 0392
19 2895
20 2506
20 2199
20 2405
20 1791
20 1963
20 2758
20 2934
20 2430
20 1882
20 2335
20 1775
20 2172
20 2769
20 2780
20 2630
20 1864
20 2476
20 2234
20 2392
20 1563
21 2337
21 1943
21 1659
21 2743
21 2932
21 0895
21 1429
21 3086
21 2702
21 2706
21 2904
21 2927
21 2444
21 2325
21 2794
21 1540
21 3018
21 2837
21 3162
21 3007
22 2384
22 2473
22 2678
22 2827
22 2751
22 2004
22 2841
22 1767
22 2369
22 2693
22 2924
22 1915
22 2913
22 2925
22 2333
22 1978
22 2329
22 2829
22 2441
22 2564
23 1431
23 3148
23 1569
23 3137
23 2578
23 1831
23 2975
23 3082
23 3051
23 2849
23 2197
23 2032
23 1224
23 1862
23 2949
23 2594
23 3043
23 1710
23 1972
23 2954
24 1696
24 2080
24 3043
24 2376
24 2309
24 0268
24 2342
24 2912
24 1439
24 1410
24 1748
24 1587
24 0020
24 1438
24 2378
24 1541
24 3020
24 3141
24 2672
24 2255
25 2318
25 2984
25 1653
25 1938
25 2329
25 3169
25 3089
25 2542
25 1719
25 2502
25 2553
25 3136
25 2319
25 3119
25 3048
25 2894
25 1689
25 1940
25 2535
25 2371
26 2844
26 2626
26 2256
26 3068
26 0617
26 1657
26 1304
26 2319
26 3128
26 2379
26 2840
26 2632
26 2311
26 1591
26 2878
26 2690
26 1461
26 0483
26 2740
26 2709
27 2577
27 2069
27 2798
27 2311
27 2689
27 2918
27 2988
27 3011
27 2902
27 1657
27 2669
27 3068
27 2319
27 1752
27 2379
27 2859
27 2297
27 2681
27 2740
27 2435
28 2890
28 2614
28 3032
28 1685
28 2445
28 2949
28 2849
28 2776
28 2757
28 2278
28 1688
28 1755
28 2371
28 1687
28 1690
28 2088
28 1723
28 0828
28 2934
28 2515
29 2089
29 1840
29 2694
29 1967
29 1841
29 2087
29 2120
29 2229
29 2332
29 2927
29 2115
29 1780
29 3037
29 2240
29 2644
29 2770
29 1995
29 1495
29 2521
29 1933
30 1926
30 1256
30 2501
30 1400
30 2311
30 2690
30 2530
30 2087
30 2853
30 2786
30 1856
30 1938
30 1739
30 3089
30 2537
30 2955
30 2629
30 1304
30 2947
30 2689
31 0195
31 2352
31 1839
31 2159
31 3047
31 2431
31 2244
31 2243
31 1251
31 2351
31 2143
31 1645
31 2600
31 2446
31 1686
31 1563
31 1987
31 0721
31 0533
31 1566
32 1839
32 2335
32 1963
32 1791
32 3139
32 2419
32 2234
32 1804
32 2506
32 1954
32 2043
32 2408
32 2213
32 2199
32 1887
32 2758
32 2934
32 2430
32 2805
32 1882
33 1954
33 2043
33 2335
33 2292
33 1963
33 1796
33 2505
33 1990
33 2284
33 1998
33 1501
33 1791
33 1662
33 2281
33 2475
33 1797
33 2037
33 2044
33 3060
33 1369
34 2385
34 1763
34 2291
34 1667
34 1893
34 2234
34 1755
34 1730
34 2010
34 1633
34 2660
34 2391
34 2213
34 1949
34 1796
34 1165
34 1567
34 3197
34 0890
34 1644
35 2090
35 2385
35 2165
35 2010
35 2391
35 2291
35 2323
35 1386
35 1730
35 1397
35 2850
35 1644
35 1214
35 3071
35 2170
35 1667
35 1893
35 1758
35 2932
35 2167
36 2476
36 2084
36 2982
36 2908
36 2110
36 2030
36 2061
36 1265
36 2603
36 1399
36 1131
36 2112
36 1548
36 1350
36 2698
36 2733
36 1073
36 2739
36 2782
36 2832
37 2376
37 1736
37 2023
37 1828
37 2651
37 2265
37 2912
37 2080
37 2956
37 2406
37 3128
37 2958
37 2244
37 1922
37 0961
37 1484
37 2946
37 2243
37 2311
37 3103
38 2958
38 2651
38 2084
38 1569
38 3103
38 2575
38 3031
38 2476
38 0483
38 2956
38 2832
38 2867
38 2941
38 3105
38 2244
38 2243
38 2247
38 2092
38 1757
38 2406
39 2126
39 2651
39 2406
39 1861
39 2958
39 2735
39 2731
39 3103
39 3159
39 2084
39 1614
39 3105
39 2940
39 2178
39 3031
39 2956
39 2799
39 2717
39 1902
39 0890
40 1531
40 0483
40 2651
40 2551
40 2295
40 2658
40 1860
40 2406
40 0776
40 2975
40 1972
40 2148
40 1588
40 2084
40 2513
40 1431
40 2939
40 2958
40 3184
40 2066
41 3137
41 1755
41 2976
41 1828
41 3082
41 2080
41 2318
41 2817
41 2371
41 2376
41 3089
41 2435
41 1505
41 2578
41 2128
41 1353
41 3043
41 2964
41 1751
41 1960
42 2641
42 2231
42 2942
42 2545
42 2318
42 1653
42 2788
42 2528
42 2529
42 2984
42 2910
42 1050
42 0462
42 0204
42 3169
42 0093
42 2107
42 2019
42 2401
42 1144
43 2910
43 0847
43 1554
43 1823
43 2602
43 2825
43 1732
43 3100
43 1399
43 1404
43 3149
43 3162
43 2703
43 1801
43 2329
43 2746
43 1553
43 0727
43 2909
43 2502
44 1823
44 2478
44 2825
44 1732
44 1404
44 2325
44 1801
44 2329
44 2502
44 2553
44 2125
44 2685
44 2829
44 2523
44 0093
44 1802
44 1260
44 1782
44 1809
44 1205
45 2976
45 2318
45 2235
45 2114
45 1994
45 3063
45 2816
45 3137
45 2493
45 1976
45 3089
45 2452
45 2140
45 2848
45 2984
45 2221
45 2964
45 2882
45 2876
45 3070
46 2278
46 2352
46 3169
46 2641
46 2575
46 2711
46 2654
46 0661
46 0329
46 1653
46 2478
46 1457
46 2990
46 2415
46 2976
46 1830
46 2318
46 2532
46 0891
46 2288
47 2318
47 2278
47 2235
47 2848
47 1994
47 2673
47 1814
47 1715
47 1815
47 2691
47 2984
47 2221
47 3012
47 2288
47 1935
47 2726
47 2882
47 2517
47 2492
47 3070
48 1990
48 2464
48 2478
48 2329
48 1205
48 2502
48 2553
48 2325
48 1353
48 2056
48 2021
48 2975
48 1431
48 1654
48 1863
48 2475
48 1771
48 1729
48 2223
48 1073
49 2278
49 2288
49 1830
49 2532
49 3134
49 3012
49 0891
49 1699
49 1831
49 1927
49 2519
49 2345
49 2530
49 2965
49 1457
49 2407
49 2583
49 1514
49 3168
49 2882
50 2278
50 1811
50 1830
50 2532
50 2288
50 2714
50 0891
50 1831
50 2530
50 1927
50 3134
50 2973
50 2965
50 1457
50 3075
50 3156
50 1699
50 2575
50 0082
50 2412
51 2022
51 2085
51 1964
51 2714
51 1811
51 2973
51 2068
51 3075
51 3156
51 0082
51 1825
51 2685
51 1158
51 2277
51 1884
51 2723
51 3006
51 2182
51 1613
51 1262
52 2721
52 3061
52 3051
52 2749
52 1812
52 3070
52 1870
52 1366
52 2767
52 1030
52 1928
52 2844
52 2742
52 0557
52 0757
52 0678
52 2798
52 1890
52 1207
52 1380
53 2613
53 1914
53 2506
53 2981
53 1791
53 2199
53 1963
53 2758
53 1887
53 2331
53 1948
53 1882
53 2260
53 2416
53 1775
53 2608
53 1864
53 2335
53 1985
53 2327
54 2958
54 3170
54 2295
54 3031
54 2651
54 2021
54 2227
54 2192
54 2940
54 3103
54 2895
54 2411
54 3104
54 3105
54 2406
54 2084
54 2264
54 2956
54 2972
54 2842
55 2844
55 1739
55 3064
55 1896
55 1898
55 3051
55 1993
55 2965
55 2084
55 2742
55 2650
55 3168
55 2782
55 3169
55 2316
55 1259
55 1162
55 3198
55 2515
55 1694
56 1991
56 2327
56 2608
56 1678
56 1896
56 1898
56 2650
56 1993
56 2323
56 2084
56 1739
56 2782
56 2476
56 2090
56 1253
56 2842
56 2316
56 2346
56 3189
56 1162
57 1137
57 0196
57 1106
57 1796
57 0437
57 0209
57 1132
57 0798
57 3077
57 0001
57 0176
57 3060
57 1755
57 0618
57 0875
57 2584
57 0065
57 0632
57 3026
57 3191
58 1779
58 2351
58 2101
58 2395
58 1344
58 1644
58 1816
58 2418
58 2098
58 1944
58 2212
58 2318
58 2533
58 1880
58 1920
58 1586
58 1734
58 1876
58 1709
58 1986
59 2532
59 2278
59 3126
59 0661
59 2403
59 2412
59 1681
59 2111
59 2781
59 2673
59 2258
59 2705
59 0891
59 2905
59 1073
59 1830
59 1112
59 3134
59 2288
59 1610
60 1685
60 2614
60 2593
60 2967
60 2318
60 2976
60 2875
60 2371
60 2969
60 2311
60 2891
60 0694
60 1712
60 2964
60 3070
60 3030
60 2322
60 2715
60 2577
60 1518
61 0634
61 1830
61 2965
61 2278
61 3168
61 2114
61 3169
61 2575
61 2976
61 3134
61 2673
61 1935
61 1814
61 2974
61 2641
61 2160
61 1715
61 1815
61 2711
61 2140
62 2430
62 2975
62 2932
62 1961
62 2327
62 2333
62 1424
62 1368
62 2445
62 2346
62 2685
62 2076
62 2714
62 1158
62 2182
62 2121
62 1262
62 2700
62 2649
62 2189
63 2781
63 3061
63 2973
63 2714
63 2312
63 2896
63 2685
63 2700
63 2266
63 0860
63 1158
63 2932
63 3075
63 2129
63 2182
63 1262
63 0950
63 2062
63 1828
63 2785
64 2513
64 2361
64 0445
64 1972
64 1853
64 1878
64 2156
64 1957
64 0444
64 2857
64 0527
64 1588
64 2168
64 0106
64 2772
64 2855
64 1050
64 0598
64 0367
64 1424
