01 1938
01 2319
01 1657
01 1071
01 2371
01 1572
01 1680
01 1410
01 2379
01 0971
01 2629
01 1461
01 1844
01 2151
01 2069
01 2218
01 3068
01 1752
01 1605
01 2317
02 0597
02 1183
02 2434
02 1651
02 3078
02 1014
02 0435
02 0492
02 0598
02 1519
02 2863
02 1867
02 1272
02 0236
02 3202
02 2874
02 1168
02 2304
02 1333
02 2572
03 1496
03 1304
03 0062
03 0929
03 0799
03 1988
03 3189
03 1788
03 1134
03 0205
03 0413
03 1215
03 1162
03 1223
03 2061
03 1314
03 0061
03 1676
03 0265
03 3144
04 3128
04 2376
04 3148
04 3043
04 3101
04 3103
04 2377
04 0079
04 0356
04 2844
04 0136
04 2519
04 3141
04 0012
04 2912
04 2958
04 2470
04 2438
04 1135
04 3031
05 2321
05 1923
05 1829
05 2716
05 2299
05 3144
05 1272
05 2629
05 2003
05 2035
05 2985
05 1188
05 0756
05 1605
05 0529
05 3190
05 2357
05 2106
05 3147
05 2399
06 2671
06 2828
06 1543
06 2826
06 1009
06 0242
06 3035
06 2230
06 0705
06 0402
06 1014
06 2389
06 0279
06 2753
06 0435
06 0492
06 2078
06 0275
06 1186
06 0438
07 3043
07 3148
07 1353
07 2376
07 2256
07 3104
07 2912
07 0356
07 1553
07 2668
07 2424
07 2949
07 0136
07 3141
07 2865
07 3137
07 3170
07 2317
07 3128
07 2537
08 1685
08 2371
08 2614
08 2776
08 2951
08 2500
08 2625
08 1505
08 2499
08 2197
08 1261
08 2949
08 1695
08 1688
08 1752
08 0912
08 1611
08 1687
08 2088
08 1690
09 1685
09 2776
09 2614
09 2949
09 2371
09 3068
09 2197
09 1695
09 1261
09 2951
09 1688
09 2372
09 3158
09 2969
09 1687
09 1690
09 2088
09 2515
09 3137
09 2849
10 0392
10 0141
10 1262
10 2785
10 2714
10 2685
10 2973
10 2700
10 1828
10 3075
10 0950
10 1158
10 1601
10 2896
10 2895
10 1811
10 1471
10 2316
10 2851
10 2266
11 2782
11 2699
11 1923
11 2923
11 2246
11 2906
11 2527
11 2647
11 1043
11 3080
11 0198
11 1860
11 2316
11 2717
11 1835
11 3150
11 1642
11 0081
11 2198
11 3171
12 3127
12 2246
12 1930
12 1461
12 2319
12 3068
12 2379
12 1680
12 1591
12 2740
12 1462
12 2597
12 2629
12 2317
12 2868
12 2541
12 1750
12 3196
12 1519
12 1728
13 2897
13 1795
13 2491
13 2495
13 1947
13 2464
13 2748
13 1652
13 1362
13 2835
13 1655
13 3080
13 1901
13 0048
13 2611
13 2389
13 0797
13 1231
13 2006
13 2680
14 1724
14 2976
14 2348
14 2964
14 0132
14 0853
14 0662
14 0701
14 1461
14 2876
14 2563
14 2969
14 1466
14 2957
14 3011
14 3087
14 0856
14 2882
14 0089
14 3075
15 2464
15 2835
15 1947
15 2897
15 2611
15 1231
15 1795
15 2944
15 1807
15 3125
15 2616
15 3080
15 3054
15 2344
15 2701
15 2964
15 1676
15 2495
15 2195
15 2929
16 2376
16 0394
16 2080
16 1210
16 0525
16 0043
16 2114
16 3141
16 2537
16 2629
16 2452
16 0428
16 0296
16 1226
16 0089
16 2688
16 2379
16 1461
16 2378
16 2432
17 2897
17 1795
17 2491
17 2495
17 2464
17 1134
17 2748
17 1947
17 1652
17 1362
17 1658
17 2835
17 1655
17 3080
17 1223
17 1154
17 1757
17 0048
17 2117
17 2611
18 1811
18 1988
18 2897
18 1788
18 2138
18 2491
18 0392
18 1825
18 2495
18 3075
18 1852
18 2973
18 2714
18 1496
18 1665
18 2706
18 2246
18 0141
18 1613
18 1676
19 0392
19 0141
19 2714
19 2973
19 2685
19 1262
19 2700
19 1828
19 1158
19 1601
19 3075
19 2896
19 0950
19 1811
19 2851
19 1302
19 2342
19 2266
19 2785
19 3156
20 2199
20 2506
20 2442
20 2695
20 2405
20 2780
20 3139
20 2059
20 2177
20 1791
20 3176
20 2430
20 2986
20 2172
20 1563
20 1504
20 2490
20 2290
20 1775
20 2155
21 0555
21 1118
21 2337
21 3086
21 0764
21 0878
21 2932
21 2702
21 2743
21 1943
21 2794
21 0876
21 0425
21 1429
21 1037
21 2787
21 1659
21 0346
21 0345
21 2904
22 2384
22 2678
22 2473
22 2638
22 2441
22 2751
22 2827
22 0088
22 0052
22 2369
22 1915
22 2004
22 2841
22 2913
22 0122
22 2924
22 2829
22 2925
22 1978
22 1767
23 3148
23 3137
23 3082
23 0072
23 0088
23 2578
23 3043
23 2849
23 0052
23 2949
23 2197
23 1431
23 1745
23 1862
23 1525
23 1153
23 3011
23 1569
23 2594
23 0652
24 1696
24 2080
24 3043
24 2342
24 0268
24 1410
24 2912
24 2376
24 2535
24 0198
24 2882
24 1748
24 1540
24 0293
24 1439
24 3120
24 2309
24 2320
24 1435
24 1587
25 1653
25 2318
25 2542
25 2984
25 3048
25 2319
25 1938
25 1128
25 0741
25 0742
25 1719
25 0819
25 1827
25 1689
25 1093
25 1940
25 3089
25 2344
25 0574
25 3169
26 2626
26 1461
26 3128
26 0079
26 2319
26 2844
26 3068
26 1680
26 2632
26 0617
26 1591
26 2379
26 2709
26 3101
26 1657
26 2541
26 0483
26 2840
26 2256
26 2377
27 2902
27 2319
27 2069
27 1752
27 2988
27 2669
27 3011
27 2297
27 2798
27 2918
27 1461
27 2379
27 2358
27 2859
27 3068
27 2740
27 2928
27 2868
27 3000
27 1657
28 3032
28 1685
28 2849
28 2614
28 2890
28 2949
28 2776
28 2197
28 1261
28 1688
28 1695
28 2951
28 1687
28 1690
28 2088
28 2371
28 2515
28 1723
28 2969
28 3133
29 0513
29 1841
29 1840
29 1967
29 2120
29 2089
29 2927
29 1537
29 2229
29 1538
29 2462
29 1539
29 3037
29 1933
29 2644
29 2694
29 2087
29 2770
29 1094
29 1697
30 1926
30 0084
30 2786
30 2501
30 1856
30 1112
30 1256
30 1400
30 1518
30 2537
30 2947
30 2629
30 2530
30 1739
30 2819
30 0274
30 1938
30 1726
30 2311
30 1591
31 3047
31 1686
31 0195
31 1327
31 1839
31 2125
31 2065
31 3015
31 1929
31 2370
31 2283
31 1144
31 2528
31 2142
31 0533
31 2529
31 2826
31 3013
31 2829
31 1952
32 3139
32 1839
32 2177
32 2059
32 2155
32 2172
32 2430
32 1961
32 2290
32 2490
32 1504
32 1145
32 2934
32 2476
32 1847
32 2619
32 2461
32 2877
32 2630
32 1481
33 1954
33 2043
33 2335
33 1952
33 1660
33 1796
33 0608
33 0506
33 1577
33 1285
33 2419
33 3026
33 3060
33 1617
33 1968
33 2584
33 2281
33 1662
33 0559
33 0618
34 0356
34 1763
34 2291
34 1893
34 1667
34 3197
34 0503
34 0640
34 2385
34 1120
34 1228
34 1229
34 1041
34 0513
34 0898
34 0418
34 0456
34 1755
34 0498
34 0899
35 1474
35 2090
35 2836
35 2932
35 2323
35 2165
35 2850
35 1397
35 2681
35 1386
35 3175
35 0496
35 1935
35 1214
35 0055
35 2560
35 3071
35 0762
35 2169
35 2167
36 2110
36 1265
36 2030
36 2476
36 2061
36 2084
36 1350
36 2698
36 2112
36 1399
36 2733
36 2982
36 2739
36 1548
36 2603
36 1768
36 2832
36 1012
36 1787
36 0949
37 2376
37 2265
37 2651
37 2956
37 2537
37 3103
37 2958
37 3105
37 3031
37 2243
37 3141
37 2912
37 0618
37 0794
37 2242
37 2241
37 3148
37 2080
37 2470
37 2244
38 2867
38 2958
38 3103
38 2651
38 2247
38 2941
38 3031
38 2956
38 2265
38 3105
38 1625
38 2084
38 0024
38 3148
38 2002
38 0483
38 2082
38 1569
38 1768
38 2940
39 2651
39 3103
39 2958
39 1861
39 2406
39 1614
39 2940
39 2956
39 2265
39 2126
39 3105
39 3031
39 2178
39 0602
39 2470
39 0724
39 0794
39 3091
39 0230
39 1792
40 2651
40 1588
40 0776
40 2939
40 2084
40 1162
40 2316
40 2265
40 2956
40 2513
40 1178
40 2406
40 2940
40 1549
40 1860
40 1098
40 1531
40 3106
40 3105
40 3184
41 3137
41 3148
41 3082
41 3043
41 2949
41 2578
41 0088
41 3128
41 2849
41 0052
41 2371
41 1353
41 1828
41 2969
41 1505
41 2816
41 2912
41 3089
41 2424
41 1751
42 2641
42 2231
42 1653
42 2788
42 0633
42 0462
42 2545
42 2107
42 2789
42 2942
42 2494
42 2402
42 2318
42 2974
42 2215
42 2401
42 2370
42 2054
42 2542
42 3048
43 2569
43 1182
43 2703
43 2841
43 3046
43 2847
43 1554
43 2924
43 2771
43 3098
43 2341
43 3100
43 0633
43 1528
43 2602
43 2455
43 2910
43 2754
43 2113
43 3125
44 2829
44 2523
44 2825
44 2478
44 2125
44 1404
44 0633
44 2325
44 0525
44 1801
44 1855
44 2719
44 1823
44 1732
44 2050
44 2210
44 2754
44 1260
44 2771
44 1802
45 2816
45 1976
45 2976
45 2493
45 3137
45 2318
45 2452
45 2882
45 2969
45 2114
45 2978
45 2140
45 3063
45 3087
45 2765
45 2876
45 1271
45 3002
45 2848
45 2235
46 2711
46 0329
46 2990
46 1653
46 1457
46 2641
46 2654
46 2107
46 2789
46 0651
46 0661
46 1622
46 2278
46 1699
46 2575
46 0275
46 2631
46 0891
46 2253
46 3169
47 0651
47 2278
47 0275
47 1699
47 2882
47 2288
47 2848
47 2318
47 0891
47 3134
47 1935
47 0118
47 0292
47 3012
47 1457
47 2726
47 2832
47 2990
47 1236
47 2451
48 2478
48 2329
48 2325
48 1771
48 1205
48 1990
48 3130
48 2502
48 2553
48 2464
48 1066
48 1654
48 1353
48 2932
48 2592
48 3010
48 1809
48 2187
48 1147
48 2475
49 0651
49 0275
49 3012
49 3134
49 2278
49 1699
49 2390
49 2795
49 1457
49 0891
49 2288
49 0292
49 2882
49 2519
49 2345
49 1681
49 0652
49 2832
49 1032
49 2959
50 1811
50 0651
50 2278
50 0275
50 0392
50 3075
50 0891
50 2973
50 2714
50 3134
50 0292
50 1457
50 0141
50 1699
50 1825
50 2288
50 3156
50 2723
50 1681
50 2685
51 1811
51 2085
51 2022
51 3075
51 0392
51 2973
51 2714
51 1964
51 0141
51 1825
51 3156
51 2723
51 2277
51 2017
51 1884
51 2685
51 3006
51 1262
51 1613
51 2838
52 2721
52 0557
52 1366
52 2749
52 1208
52 1329
52 0238
52 2767
52 1928
52 1030
52 3070
52 1870
52 3061
52 2742
52 0678
52 0633
52 3048
52 2798
52 1812
52 3051
53 0569
53 0139
53 2613
53 2981
53 2210
53 2986
53 1186
53 1914
53 1948
53 0514
53 2457
53 0503
53 0640
53 2229
53 2391
53 2769
53 1887
53 2608
53 1097
53 0373
54 2958
54 2295
54 3031
54 2470
54 3170
54 2940
54 3103
54 2264
54 2842
54 2178
54 2227
54 2411
54 2155
54 2972
54 2732
54 3104
54 2651
54 2326
54 2192
54 1471
55 1739
55 2650
55 1898
55 1993
55 1896
55 2921
55 1665
55 3064
55 1355
55 2742
55 2112
55 1846
55 1453
55 2844
55 2936
55 2051
55 3096
55 2767
55 2839
55 2749
56 2327
56 2650
56 1991
56 1739
56 2323
56 0055
56 1678
56 2112
56 2931
56 0292
56 1898
56 1896
56 1993
56 1665
56 3189
56 0021
56 1154
56 2921
56 2842
56 2986
57 1796
57 3077
57 0196
57 1660
57 1952
57 1081
57 0769
57 0739
57 0460
57 0618
57 3060
57 2584
57 1120
57 0217
57 0798
57 1220
57 3026
57 0428
57 0962
57 0648
58 2634
58 1344
58 1709
58 1779
58 2098
58 1631
58 1920
58 0349
58 1816
58 0069
58 1578
58 2101
58 0256
58 0511
58 2225
58 2395
58 2249
58 1876
58 0908
58 1944
59 2111
59 2905
59 1665
59 1235
59 1681
59 0137
59 1855
59 1456
59 1112
59 3126
59 2258
59 0651
59 2032
59 2711
59 2532
59 0661
59 2203
59 2127
59 3134
59 2705
60 2967
60 3087
60 2976
60 2593
60 2882
60 2964
60 2876
60 2957
60 2969
60 1518
60 2816
60 2716
60 2516
60 0695
60 2715
60 2710
60 3030
60 2718
60 2311
60 3025
61 0634
61 1287
61 1830
61 3134
61 2965
61 3168
61 2160
61 2711
61 2974
61 2451
61 2688
61 2114
61 2631
61 1935
61 2278
61 2107
61 2307
61 1457
61 3169
61 2140
62 2430
62 1961
62 1424
62 2975
62 2790
62 2932
62 1648
62 2333
62 0392
62 1368
62 0141
62 2003
62 2327
62 2189
62 1266
62 2714
62 2685
62 1262
62 2973
62 2445
63 0392
63 0141
63 2973
63 2714
63 2896
63 2781
63 2685
63 1262
63 2700
63 3075
63 0950
63 1828
63 1158
63 1601
63 3073
63 1811
63 2266
63 2851
63 3061
63 2785
64 2651
64 0445
64 0444
64 1853
64 2513
64 1307
64 1588
64 1878
64 1549
64 0527
64 2168
64 1972
64 1957
64 2857
64 2156
64 1051
64 2855
64 0106
64 0598
64 3106
